100000673847935
900185676717876
100054097765953
100015565597079
503452722
100006536023976
100003682139065
100000029731997
106744300836024
100002363196995
100012532515185
100000673847935
100005830063212
100000216049595
107941334233385
133757123425260
100002504908077
100036205028151
100008097763650
100005976499077
100039854538414
100002330224676
100044395361884
709314414
100022315180297
100001557914626
100022439391377
659649848
100028510912644
100053157150956
100002934535702
100007984143443
100005344634842
837970223
100029158924403
100002328494527
100045922452521
100050809659106
100011143599852
100015483424390
100005801012798
798861682
100001917868400
100003307900729
100007646250004
100010007051955
1822493198026869
100000228281315
100004568837838
521539691702197
711945860
100007533483474
100002106561381
100021028413393
100008836443267
1203558650
1121963717
552260967
100004038403439
100009441522426
100006926290987
939176272777090
100004340102765
100012333725373
100002429303683
100002192493932
100007602394964
100009016083606
100003786305717
100007978654875
100006532959668
100015107988158
100024764046810
100007224631975
100021334545177
100046086229486
1083275782
596058045
100006017658071
100022380456341
100000231123289
1620993445
100010416730578
1371165764
100011707355280
100031144443750
100006651848168
100001891664323
775874166
100001768020620
1040676109
100003108608776
100000071153162
100016101841352
101289701257199
504733695
100006913514093
100012233446799
100017003461562
654216341
100008758772568
100007444440527
100001329801045
100030721668706
100014849081994
100000344513649
100044892521447
100004415382039
100002313413626
572069553
100005187468355
100010657905144
100053364782397
21785951839
100014196820269
696166187
100001590491999
1147153645
100042128360602
100013412132011
100001045443423
1707497716237143
100041502397777
100009116299809
1087642987
100009197748034
547495393
100000125798788
100002003922265
100005775707209
100008396078704
100000994753179
108528817279130
315886145748098
100014745217225
100004853796418
100000831627950
100000957146765
100004382971952
100008369355071
100011675524239
100005846831566
100011863563308
100045983254407
100028082109658
100012351250442
100011913588067
526250192
1400430385
104875044632015
100012372093584
100007368127210
100002645850699
100013635398467
100002441608749
100010895568896
100007424644747
100024255185082
100021716896539
100008602544248
100007320318245
100029644802245
100000013018599
100009844511950
100003021437252
100001584288423
100030683560203
1325547690
1129504497071930
100047794491598
100028044969157
100003475432172
538890479
1454040041577060
100002017098128
100019637588102
100010017343672
100021657515729
2118525004922326
1482329225350930
494344241081241
1442596906
100030578591265
740935191
100001605519586
100001771351189
100004284821394
535081061
100003047653333
1504658041
100043961222658
100012371648162
100003532886246
100002318210786
100022034356782
1118187778
100004252422201
100004675602475
1232259098
100040572617756
100004100824227
100957878251315
100001822636448
100008262487112
100028684095162
100041594356344
100001407970150
100047498822255
147379678656680
100004143961286
1124327007
100042125415306
100005434171799
591538758
100011575937088
100003153291614
682865309
100005571732549
100005142766412
1655993381
100006479899624
100009615888023
100033581504720
100038690293740
100017080923215
100013231335887
100053426177791
100014959507250
100025770015528
100007442552658
100025472583230
580766150
1624004928
100009828095596
100007035767516
1020913969
198275487024224
100034778242178
100009283024904
100024393140916
100000109181002
100036339074500
100006997534676
100036557443870
100009706420384
100040046439415
100027110930440
100036255849828
100023490173131
100004749491996
606044918
100004452061292
100045715747067
100005939836460
677879698
100013794247510
100025012723999
631899894
100045914083204
100023506022804
100045670755672
100007099844708
100000876830921
100001711575801
100030578858395
100012152357261
100000770843149
100000946838460
100002849183779
1415281666
100034260730889
